177,4
159,4
4294967278,126
4294967278,265
4294967278,117
4294967278,110
4294967278,109
4294967278,376
4294967278,108
4294967278,26
4294967278,24
4294967278,20
4294967278,19
4294967278,18
4294967278,17
4294967278,16
4294967278,15
4294967278,14
4294967278,13
4294967279,126
4294967279,260
4294967279,159
4294967279,117
4294967279,116
4294967279,110
4294967279,340
4294967279,109
4294967279,174
4294967279,227
4294967279,108
4294967279,28
4294967279,27
4294967279,26
4294967279,25
4294967279,24
4294967279,22
4294967279,21
4294967279,20
4294967279,19
4294967279,18
4294967279,17
4294967279,16
4294967279,15
4294967279,14
4294967279,12
4294967278,344
4294967279,257
4294967278,346
4294967278,125
4294967278,326
4294967279,326
228,5
4294967279,324
228,4
4294967278,232
228,3
228,2
228,1
4294967278,355
4294967294,441
4294967279,144
4294967278,228
4294967294,39
4294967279,125
4294967279,216
4294967278,123
4294967294,1086
4294967294,40
4294967294,38
4294967294,37
4294967278,124
4294967278,382
4294967279,124
4294967294,36
4294967294,1382
4294967294,17
4294967294,99
4294967294,76
4294967294,41
4294967294,67
4294967278,220
227,4
4294967279,160
227,3
227,2
227,1
4294967294,1039
4294967294,186
4294967294,208
4294967294,478
4294967294,469
4294967294,95
4294967294,0
4294967294,430
0,7
4294967294,45
4294967294,44
4294967294,1395
4294967294,25
4294967279,357
4294967294,82
4294967294,42
4294967278,119
4294967278,266
4294967279,118
4294967294,107
4294967294,81
4294967294,50
4294967294,92
4294967294,91
4294967294,90
4294967294,88
4294967294,87
4294967294,86
4294967294,85
4294967294,84
4294967294,1355
4294967294,83
4294967294,1052
4294967294,413
4294967294,28
4294967294,1083
4294967294,29
4294967294,187
4294967294,27
4294967294,476
4294967294,26
4294967294,53
4294967294,1388
4294967294,51
4294967294,1375
4294967294,52
4294967294,1383
4294967294,1385
4294967294,1389
4294967294,43
4294967294,207
4294967294,96
4294967294,94
4294967279,271
4294967279,244
4294967294,8
4294967279,119
4294967279,247
4294967294,7
4294967278,118
4294967278,245
4294967294,6
4294967294,22
4294967294,9
4294967294,93
4294967278,116
226,15
226,14
226,13
226,12
226,11
4294967279,243
226,10
4294967278,216
4294967278,214
4294967279,356
4294967278,334
226,9
226,8
4294967278,211
226,7
4294967279,153
226,6
226,5
4294967279,152
226,4
226,3
226,2
226,1
4294967279,151
4294967279,231
4294967278,208
4294967278,341
4294967278,250
4294967278,336
4294967278,293
4294967278,367
4294967278,366
4294967278,300
4294967278,298
4294967279,349
4294967279,245
4294967279,345
4294967279,293
4294967279,297
4294967279,248
4294967279,283
4294967279,301
4294967278,512
225,6
225,5
225,4
4294967278,202
225,3
225,2
225,1
123,3
4294967278,200
224,115
224,114
224,113
224,156
224,155
224,112
224,197
224,194
224,111
224,110
224,109
224,196
224,108
224,195
224,13
224,154
224,107
4294967279,142
224,106
224,105
224,22
224,104
224,103
224,151
4294967278,453
224,102
224,152
224,101
224,100
224,193
224,142
224,99
224,0
224,192
224,34
224,98
4294967278,452
224,153
224,149
224,145
224,97
224,96
224,95
224,150
224,128
4294967278,451
224,94
224,144
224,148
224,147
224,46
224,146
224,93
224,130
224,92
224,91
4294967278,450
224,141
224,90
224,89
224,88
224,143
224,53
4294967278,449
224,87
224,137
224,86
224,140
224,12
224,85
224,139
224,84
224,138
224,52
4294967278,448
224,83
224,134
224,82
224,136
224,81
224,80
224,135
224,54
224,132
224,79
224,78
224,77
224,133
224,76
224,129
224,75
224,131
224,74
224,73
224,72
224,63
224,71
224,41
224,70
4294967278,199
224,69
224,68
224,62
224,67
224,66
224,65
224,56
224,64
224,61
224,29
224,60
224,59
224,58
224,57
224,48
224,55
224,20
224,51
224,50
224,49
224,43
224,47
224,45
224,44
224,37
224,42
224,30
224,40
224,39
224,38
224,31
224,36
224,35
224,33
224,32
224,24
224,28
224,27
224,26
224,25
224,18
224,23
224,21
224,19
224,15
224,17
224,16
224,14
224,6
224,5
224,11
224,10
224,9
224,8
224,7
4294967279,140
4294967278,361
4294967279,322
4294967278,356
4294967279,338
224,4
224,3
224,2
224,1
4294967294,1405
4294967278,205
4294967278,342
4294967294,1390
0,5
223,52
223,34
223,82
223,81
223,28
223,80
223,79
223,78
223,77
223,66
223,76
223,73
223,75
223,69
223,74
223,58
223,72
223,71
223,50
223,70
4294967279,0
223,48
223,68
223,67
223,57
223,65
223,64
223,39
223,63
223,62
223,61
223,60
223,59
223,51
223,45
223,56
223,15
223,55
223,54
223,53
223,46
223,20
223,14
223,49
223,41
223,47
223,40
223,35
223,44
223,43
223,42
223,27
223,36
223,38
223,37
223,30
223,24
223,33
223,32
223,31
223,25
223,29
223,21
223,26
223,19
223,17
223,23
223,22
223,8
223,18
223,16
223,7
223,6
223,5
223,13
223,12
223,11
223,10
223,9
4294967278,383
4294967279,309
4294967278,311
4294967279,308
4294967278,310
4294967279,351
223,4
223,3
223,2
223,1
4294967278,150
4294967279,145
4294967279,139
222,16
222,15
222,14
222,13
4294967278,362
4294967279,347
4294967278,339
222,12
4294967278,244
222,11
4294967279,191
222,10
4294967278,189
222,9
4294967279,238
222,8
4294967278,240
222,7
4294967279,379
222,6
4294967278,239
222,5
4294967279,236
222,4
222,3
222,2
222,1
4294967278,147
4294967279,234
4294967294,388
4294967294,1404
4294967294,1403
4294967294,1393
4294967294,1402
4294967294,1401
4294967294,1391
4294967294,396
4294967294,179
4294967294,1082
4294967294,483
120,3
190,3
188,3
186,3
174,3
147,3
143,3
139,3
126,3
125,3
4294967278,260
4294967278,305
4294967278,183
4294967279,377
4294967279,242
4294967279,303
4294967278,379
4294967278,304
4294967279,185
221,4
4294967278,303
221,3
221,2
221,1
4294967279,298
4294967278,176
4294967279,176
4294967279,175
4294967278,172
220,4
4294967278,171
220,3
220,2
220,1
4294967279,172
4294967278,349
4294967278,351
219,4
219,3
219,2
219,1
4294967278,317
4294967279,374
4294967279,352
4294967279,220
4294967278,190
4294967279,218
218,7
4294967278,187
218,6
218,5
4294967278,186
218,4
218,3
218,2
218,1
4294967279,348
4294967278,185
4294967279,214
4294967278,134
4294967279,212
4294967279,316
4294967279,307
4294967278,177
4294967278,158
4294967279,150
217,6
217,5
217,4
217,3
217,2
217,1
4294967279,306
4294967278,156
4294967279,208
4294967294,1374
4294967279,335
4294967279,207
4294967293,131
4294967293,130
4294967293,129
4294967293,128
4294967293,127
4294967293,126
4294967293,125
4294967293,124
4294967293,123
4294967293,122
4294967293,121
4294967293,120
4294967293,119
4294967293,118
4294967293,117
4294967293,116
4294967293,115
4294967293,114
4294967293,113
4294967293,112
4294967293,111
4294967293,110
4294967293,109
4294967293,108
4294967293,107
4294967293,106
4294967293,105
4294967293,104
4294967293,103
4294967293,102
4294967293,101
4294967293,100
4294967293,99
4294967293,98
4294967293,97
4294967293,96
4294967293,95
4294967293,94
4294967293,93
4294967293,92
4294967293,91
4294967293,90
4294967293,89
4294967293,87
4294967293,86
4294967293,85
4294967293,84
4294967293,83
4294967293,82
4294967293,81
4294967293,80
4294967293,79
4294967293,78
4294967293,77
4294967293,76
4294967293,75
4294967293,74
4294967293,73
4294967293,72
4294967293,71
4294967293,70
4294967293,69
4294967293,68
4294967293,67
4294967293,66
4294967293,65
4294967293,64
4294967293,63
4294967293,62
4294967293,61
4294967293,60
4294967293,59
4294967293,58
4294967293,57
4294967293,56
4294967293,55
4294967293,54
4294967293,53
4294967293,52
4294967293,51
4294967293,50
4294967293,49
4294967293,48
4294967293,47
4294967293,46
4294967293,45
4294967293,44
4294967293,43
4294967293,42
4294967293,41
4294967293,40
4294967293,39
4294967293,38
4294967293,37
4294967293,36
4294967293,35
4294967293,34
4294967293,33
4294967293,32
4294967293,31
4294967293,30
4294967293,29
4294967293,28
4294967293,27
4294967293,26
4294967293,25
4294967293,24
4294967293,23
4294967293,22
4294967293,21
4294967293,20
4294967293,19
4294967293,18
4294967293,17
4294967293,16
4294967293,15
4294967293,14
4294967293,13
4294967293,12
4294967293,11
4294967293,10
4294967293,9
4294967293,8
4294967293,7
4294967293,6
4294967293,5
4294967293,4
4294967293,3
4294967278,130
4294967278,128
4294967278,127
4294967278,358
4294967278,357
4294967278,122
4294967278,352
4294967278,121
4294967278,120
4294967278,323
4294967278,115
4294967278,322
4294967278,114
4294967278,145
4294967278,113
4294967278,112
4294967278,111
4294967278,107
4294967278,223
4294967278,106
4294967278,105
4294967278,104
4294967278,103
4294967278,102
4294967278,101
4294967278,100
4294967278,99
4294967278,374
4294967278,98
4294967278,97
4294967278,96
4294967278,95
4294967278,94
4294967278,277
4294967278,93
4294967278,278
4294967278,92
4294967278,91
4294967278,90
4294967278,89
4294967278,87
4294967278,86
4294967278,85
4294967278,84
4294967278,83
4294967278,82
4294967278,81
4294967278,80
4294967278,307
4294967278,79
4294967278,78
4294967278,77
4294967278,231
4294967278,76
4294967278,75
4294967278,74
4294967278,73
4294967278,72
4294967278,71
4294967278,70
4294967278,69
4294967278,68
4294967278,67
4294967278,66
4294967278,65
4294967278,64
4294967278,63
4294967278,62
4294967278,61
4294967278,60
4294967278,59
4294967278,58
4294967278,57
4294967278,56
4294967278,55
4294967278,54
4294967278,53
4294967278,52
4294967278,51
4294967278,50
4294967278,49
4294967278,197
4294967278,48
4294967278,201
4294967278,47
4294967278,46
4294967278,45
4294967278,44
4294967278,43
4294967278,42
4294967278,41
4294967278,40
4294967278,39
4294967278,38
4294967278,37
4294967278,36
4294967278,35
4294967278,34
4294967278,33
4294967278,29
4294967278,28
4294967278,27
4294967278,8
4294967278,7
4294967278,6
4294967279,132
4294967279,342
4294967279,130
4294967279,129
4294967279,128
4294967279,127
4294967279,123
4294967279,251
4294967279,122
4294967279,325
4294967279,121
4294967279,120
4294967279,323
4294967279,115
4294967279,239
4294967279,114
4294967279,354
4294967279,113
4294967279,112
4294967279,111
4294967279,107
4294967279,223
4294967279,106
4294967279,105
4294967279,104
4294967279,103
4294967279,102
4294967279,189
4294967279,101
4294967279,188
4294967279,100
4294967279,269
4294967279,99
4294967279,259
4294967279,98
4294967279,97
4294967279,96
4294967279,95
4294967279,319
4294967279,94
4294967279,295
4294967279,93
4294967279,321
4294967279,92
4294967279,91
4294967279,90
4294967279,89
4294967279,254
4294967279,87
4294967279,86
4294967279,85
4294967279,84
4294967279,83
4294967279,82
4294967279,81
4294967279,187
4294967279,80
4294967279,186
4294967279,79
4294967279,78
4294967279,77
4294967279,76
4294967279,75
4294967279,74
4294967279,73
4294967279,72
4294967279,71
4294967279,70
4294967279,69
4294967279,68
4294967279,67
4294967279,66
4294967279,65
4294967279,64
4294967279,63
4294967279,62
4294967279,61
4294967279,60
4294967279,59
4294967279,58
4294967279,57
4294967279,56
4294967279,55
4294967279,54
4294967279,53
4294967279,52
4294967279,51
4294967279,50
4294967279,222
4294967279,49
4294967279,48
4294967279,47
4294967279,46
4294967279,45
4294967279,44
4294967279,43
4294967279,42
4294967279,41
4294967279,40
4294967279,39
4294967279,38
4294967279,37
4294967279,36
4294967279,35
4294967279,34
4294967279,33
4294967279,31
4294967279,29
4294967279,23
4294967279,13
4294967279,9
4294967279,8
4294967279,7
4294967279,6
4294967278,32
4294967279,32
4294967278,31
4294967278,30
4294967278,297
4294967279,30
4294967279,190
216,6
216,5
216,4
216,3
216,2
216,1
4294967279,284
4294967278,204
4294967279,148
4294967278,290
4294967294,389
4294967294,114
4294967294,120
4294967279,278
4294967279,136
4294967279,138
4294967278,25
4294967278,137
4294967278,146
4294967279,277
215,9
215,8
4294967278,23
4294967278,22
4294967278,21
215,7
215,6
215,5
4294967279,369
215,4
4294967278,288
215,3
215,2
215,1
4294967278,284
4294967278,271
4294967279,364
4294967278,12
4294967279,363
4294967278,269
4294967279,362
214,4
4294967278,268
214,3
214,2
214,1
4294967279,286
4294967278,257
4294967294,1380
4294967279,147
4294967278,10
4294967278,263
4294967278,11
4294967279,11
4294967279,10
4294967278,9
4294967279,264
4294967278,5
4294967294,481
4294967279,263
4294967278,360
4294967279,262
213,4
4294967278,258
213,3
213,2
213,1
4294967279,199
4294967278,143
4294967279,5
4294967278,132
4294967294,1397
4294967278,4
4294967278,193
4294967279,4
4294967294,1396
212,386
212,412
4294967279,192
4294967278,131
212,541
212,540
212,620
212,319
212,297
212,619
212,417
212,410
212,346
212,618
4294967278,289
212,416
212,413
212,372
212,357
212,617
212,539
212,616
212,415
212,411
212,318
212,317
212,303
212,615
212,371
212,345
212,614
212,538
212,613
212,316
212,315
212,293
212,612
212,370
212,369
212,363
212,364
212,611
212,368
212,351
212,537
212,610
212,314
212,609
212,73
212,367
212,355
212,608
212,414
212,227
212,366
212,321
212,607
212,365
212,349
212,536
212,606
212,313
212,307
212,409
212,605
212,407
212,604
212,358
212,408
212,312
212,292
212,535
212,603
212,311
212,289
212,310
212,294
212,602
212,406
212,361
212,309
212,285
212,601
212,0
212,640
212,296
212,534
212,600
212,599
212,598
212,308
212,299
212,597
212,533
212,596
212,595
212,594
212,362
212,69
212,532
212,593
212,405
212,356
212,592
212,404
212,591
212,590
212,531
212,360
212,337
212,589
212,403
212,306
212,300
212,305
212,359
212,588
212,288
212,42
212,587
212,530
212,586
212,304
212,283
212,402
212,585
212,584
212,529
212,583
212,352
212,582
212,581
212,401
212,302
212,281
212,301
212,580
212,528
212,579
212,400
212,354
212,341
212,578
212,577
212,527
212,576
212,353
212,511
212,510
212,526
212,509
212,350
212,508
212,399
212,507
212,506
212,397
212,525
212,505
212,298
212,284
212,398
212,504
212,503
212,259
212,524
212,502
212,396
212,501
212,348
212,500
212,499
212,523
212,498
212,497
212,496
212,522
212,295
212,495
212,287
212,494
212,282
212,278
212,493
4294967278,174
212,521
212,395
212,492
212,394
212,347
212,291
212,280
212,491
212,393
212,490
4294967278,138
4294967279,131
212,489
212,520
212,392
4294967279,460
212,290
212,488
212,487
212,486
212,519
4294967279,459
212,485
212,274
212,484
212,343
212,483
4294967279,458
212,518
212,482
212,331
212,481
212,480
4294967279,457
212,479
212,517
212,478
212,390
212,391
212,477
212,389
4294967279,456
212,476
212,344
212,121
212,516
212,340
212,475
212,342
212,474
212,388
4294967279,455
212,473
212,90
212,286
212,56
212,515
212,472
212,256
212,471
4294967279,454
212,470
212,469
212,514
212,264
212,468
4294967279,453
212,336
212,467
212,339
212,270
212,466
212,263
212,265
212,338
212,513
212,465
212,335
212,76
212,464
4294967279,452
212,387
212,463
212,279
212,512
212,462
212,228
212,385
212,461
4294967279,451
212,460
212,384
212,459
212,333
212,232
212,458
4294967279,450
212,89
212,277
212,457
212,257
212,456
212,231
212,455
4294967279,449
212,454
212,453
212,276
212,230
212,452
212,334
212,28
212,451
4294967279,448
212,328
212,332
212,197
212,450
212,224
212,449
212,229
212,448
4294967279,382
212,275
212,40
212,191
212,115
212,324
212,113
212,190
212,226
212,220
212,330
212,329
212,108
212,222
212,189
212,273
212,258
4294967279,380
212,109
212,188
212,187
212,323
212,186
212,105
212,225
212,327
212,185
212,116
212,184
212,183
212,223
212,326
212,182
212,272
212,49
212,181
212,217
212,271
212,13
212,325
212,72
212,180
212,221
212,179
212,119
4294967279,376
212,178
212,322
212,177
212,98
212,269
212,268
212,267
212,124
212,176
212,219
212,214
212,175
212,210
212,174
212,266
212,81
212,173
212,218
4294967279,367
212,50
212,172
212,27
212,171
212,170
212,215
212,169
212,207
212,208
212,168
212,320
212,216
212,167
212,166
212,212
4294967279,329
4294967278,129
212,165
212,164
212,262
4294967278,210
212,202
212,163
212,213
212,201
212,209
212,162
212,261
212,74
212,211
212,161
212,127
212,260
212,101
212,160
212,30
212,159
212,206
212,158
212,196
212,126
212,157
212,71
212,156
212,99
212,203
212,155
212,154
212,205
212,153
212,204
212,52
212,199
212,152
212,114
212,151
212,150
212,200
212,149
212,125
212,148
212,198
212,147
212,107
212,24
212,195
212,194
212,193
212,192
212,97
212,146
212,102
212,118
212,145
212,144
212,123
212,47
212,143
212,122
212,120
212,75
212,110
212,142
212,117
212,141
212,18
212,93
212,140
212,112
212,111
212,139
212,104
212,138
212,37
212,137
212,106
212,94
212,31
212,136
4294967278,164
212,100
212,135
212,103
212,134
212,78
212,133
212,132
212,96
212,131
212,57
212,130
212,129
212,86
212,128
212,95
212,67
212,60
212,92
212,91
212,88
212,87
212,79
212,85
212,84
212,83
212,82
212,80
212,66
212,48
212,77
212,70
212,68
212,46
212,62
212,65
212,64
4294967278,136
212,63
212,54
212,61
212,26
212,59
212,58
212,17
212,55
212,43
212,53
212,51
4294967278,375
4294967278,88
212,35
212,45
212,21
212,44
212,33
212,41
212,14
212,39
212,38
4294967278,371
212,36
212,34
212,23
212,32
212,29
212,25
212,16
212,22
212,20
212,7
212,19
212,15
212,8
212,6
212,5
212,12
212,11
212,10
212,9
4294967278,327
4294967279,317
4294967278,325
212,4
212,3
212,2
212,1
4294967279,133
4294967278,226
4294967279,170
4294967294,1085
4294967294,203
4294967279,302
4294967279,162
4294967278,218
4294967279,300
4294967279,294
4294967279,279
4294967279,275
4294967278,343
4294967279,158
211,6
211,5
4294967278,242
211,4
4294967279,156
211,3
211,2
211,1
4294967294,1381
4294967279,274
4294967279,273
4294967279,272
172,3
170,3
156,3
154,3
4294967279,237
153,3
150,3
146,3
4294967294,479
4294967279,200
127,3
4294967279,355
4294967294,1386
4294967294,1370
210,128
4294967278,386
210,127
210,126
210,125
4294967278,385
210,124
210,123
210,122
4294967278,384
210,121
210,120
210,119
210,118
210,117
210,116
210,115
210,114
210,113
210,112
210,111
210,110
4294967278,347
210,109
210,108
210,107
210,106
210,105
210,104
210,103
4294967278,191
210,102
210,101
210,100
4294967278,188
210,99
210,98
210,97
4294967278,180
210,96
210,95
210,94
4294967278,170
210,93
210,92
210,91
4294967278,169
210,90
210,89
210,88
4294967278,167
210,87
210,86
210,85
4294967278,166
210,84
210,83
210,82
4294967278,165
210,81
210,80
210,79
210,78
210,77
210,76
210,75
4294967278,163
210,74
210,73
210,72
4294967278,157
210,71
210,70
210,69
210,68
210,67
210,66
4294967278,151
4294967278,0
210,65
4294967294,5
210,64
210,36
210,35
210,34
210,33
210,32
210,31
210,30
210,29
4294967278,135
210,28
210,27
210,26
210,25
210,24
210,23
210,22
210,21
210,20
210,19
210,18
210,17
210,16
210,15
210,14
210,13
210,12
4294967278,259
210,11
210,10
210,9
4294967278,255
210,8
210,7
210,6
210,5
4294967278,321
4294967278,230
210,4
4294967279,230
210,3
210,2
210,1
4294967278,209
4294967279,270
4294967278,253
4294967278,252
4294967278,251
4294967279,267
209,6
4294967279,265
209,5
4294967278,162
209,4
209,3
209,2
209,1
4294967278,248
4294967294,199
4294967294,401
4294967294,390
4294967294,115
4294967278,247
4294967278,246
4294967279,255
4294967278,315
208,4
4294967279,315
208,3
208,2
208,1
4294967278,372
4294967279,314
4294967279,320
207,4
4294967278,254
207,3
207,2
207,1
4294967278,152
